4.474464e-01 3.027651e+00 -2.656278e+00 1.533908e+00 9
7.337461e-01 2.698821e+00 -2.432017e-01 8.839659e-01 19
1.051687e+00 1.661054e+00 2.236795e-01 1.707171e-01 61
1.582779e+00 5.440331e-01 5.235293e-02 -9.782941e-02 220
2.381398e+00 2.208705e-01 -3.064059e-02 -5.143337e-03 742
3.623201e+00 8.286516e-02 -4.388951e-03 -4.122429e-04 2697
5.488001e+00 3.063922e-02 4.406614e-04 1.598887e-03 9162
8.327347e+00 1.053125e-02 4.671336e-04 1.274519e-03 32433
1.262989e+01 3.313170e-03 8.947309e-05 1.120869e-03 112457
1.913771e+01 9.298465e-04 3.703068e-05 6.752373e-04 391155
