4.474464e-01 2.953604e+01 -1.961165e+01 1.802389e+01 9
7.337461e-01 9.054355e+00 4.716988e+00 -8.943248e+00 19
1.051687e+00 2.936464e+00 1.029454e+00 -5.349652e-01 61
1.582779e+00 8.657679e-01 -8.620396e-02 -2.276432e-01 220
2.381398e+00 3.593197e-01 -1.212734e-02 -6.837930e-02 742
3.623201e+00 1.295009e-01 4.364703e-03 7.248884e-03 2697
5.488001e+00 4.750186e-02 -1.730915e-03 3.534580e-03 9162
8.327347e+00 1.567856e-02 1.463081e-04 2.199956e-03 32433
1.262989e+01 5.053002e-03 1.374198e-04 1.600983e-03 112457
1.913771e+01 1.514802e-03 5.571937e-05 1.133251e-03 391155
