4.474464e-01 1.112086e+01 -9.144465e+00 5.693131e+00 9
7.337461e-01 5.536721e+00 1.365043e+00 -1.738646e+00 19
1.051687e+00 2.644756e+00 9.587417e-01 2.500499e-01 61
1.582779e+00 6.772536e-01 -1.130851e-01 -6.423204e-02 220
2.381398e+00 2.866721e-01 -1.515598e-02 -2.359039e-02 742
3.623201e+00 1.041516e-01 -1.833042e-03 2.740523e-03 2697
5.488001e+00 3.867269e-02 -1.687593e-03 3.255567e-03 9162
8.327347e+00 1.308289e-02 9.451233e-05 1.856979e-03 32433
1.262989e+01 4.150216e-03 7.216750e-05 1.397056e-03 112457
1.913771e+01 1.209570e-03 3.441575e-05 8.960449e-04 391155
