4.474464e-01 3.790954e+00 -3.801772e+00 1.946276e+00 9
7.337461e-01 3.087666e+00 6.170997e-02 7.147555e-01 19
1.051687e+00 1.861972e+00 3.200922e-01 1.655725e-01 61
1.582779e+00 5.588850e-01 4.352317e-02 -9.694725e-02 220
2.381398e+00 2.358206e-01 -3.288852e-02 -9.110042e-03 742
3.623201e+00 8.559129e-02 -4.571158e-03 1.061198e-03 2697
5.488001e+00 3.163312e-02 1.296217e-04 1.586069e-03 9162
8.327347e+00 1.102461e-02 4.003634e-04 1.353605e-03 32433
1.262989e+01 3.453011e-03 1.195298e-04 1.177225e-03 112457
1.913771e+01 9.775514e-04 4.384904e-05 7.085987e-04 391155
