4.474464e-01 3.603970e+00 2.454331e+00 1.002928e+00 9
7.337461e-01 2.577493e+00 -2.325189e-01 -3.871138e-01 19
1.051687e+00 5.950385e-01 3.297316e-01 2.763738e-01 61
1.582779e+00 2.764466e-01 -6.979255e-02 9.909076e-02 220
2.381398e+00 1.180973e-01 -8.559552e-03 -1.101999e-02 742
3.623201e+00 5.048627e-02 3.782440e-03 1.041675e-03 2697
5.488001e+00 1.804148e-02 1.166694e-03 3.930512e-04 9162
8.327347e+00 6.059052e-03 1.668849e-04 8.719699e-04 32433
1.262989e+01 1.875583e-03 6.097041e-05 6.438669e-04 112457
1.913771e+01 4.738189e-04 2.172079e-05 3.505418e-04 391155
