4.474464e-01 1.938233e+00 8.414129e-01 6.380260e-01 9
7.337461e-01 2.065892e+00 -6.362940e-01 7.527525e-01 19
1.051687e+00 9.048576e-01 1.025865e-01 2.459381e-01 61
1.582779e+00 4.295849e-01 6.707297e-02 1.668208e-02 220
2.381398e+00 1.800177e-01 -3.104195e-02 -1.515246e-02 742
3.623201e+00 7.064945e-02 -1.253282e-04 -3.666171e-03 2697
5.488001e+00 2.630510e-02 9.684827e-04 9.438625e-04 9162
8.327347e+00 8.950508e-03 5.892849e-04 1.030189e-03 32433
1.262989e+01 2.797671e-03 1.065458e-04 9.116101e-04 112457
1.913771e+01 7.602136e-04 4.169117e-05 5.353677e-04 391155
