4.474464e-01 2.882868e+00 2.424241e+00 7.644566e-01 9
7.337461e-01 2.330782e+00 -4.481310e-01 2.520074e-01 19
1.051687e+00 5.926653e-01 2.391509e-01 2.249062e-01 61
1.582779e+00 3.242134e-01 -2.892863e-02 9.906277e-02 220
2.381398e+00 1.503094e-01 -1.686567e-02 -2.769413e-02 742
3.623201e+00 5.991193e-02 2.668159e-03 -1.271020e-03 2697
5.488001e+00 2.188980e-02 1.240422e-03 1.286658e-03 9162
8.327347e+00 7.455595e-03 2.257153e-04 1.056849e-03 32433
1.262989e+01 2.310486e-03 7.297156e-05 7.574027e-04 112457
1.913771e+01 6.040367e-04 2.988916e-05 4.314011e-04 391155
