4.474464e-01 3.859397e+00 2.328860e+00 1.025877e+00 9
7.337461e-01 2.528906e+00 -6.188168e-02 -5.590654e-01 19
1.051687e+00 5.993382e-01 3.281911e-01 3.655116e-01 61
1.582779e+00 2.450579e-01 -7.289896e-02 7.287844e-02 220
2.381398e+00 9.771827e-02 -3.685745e-03 -1.666042e-02 742
3.623201e+00 4.009856e-02 3.208965e-03 2.094492e-04 2697
5.488001e+00 1.457011e-02 7.976485e-04 4.948309e-04 9162
8.327347e+00 4.924318e-03 2.669675e-04 7.710860e-04 32433
1.262989e+01 1.506198e-03 5.900914e-05 5.655122e-04 112457
1.913771e+01 3.720256e-04 1.437204e-05 2.849078e-04 391155
