4.474464e-01 2.163058e+00 -1.531992e+00 1.200571e+00 9
7.337461e-01 2.329202e+00 -4.952608e-01 7.880093e-01 19
1.051687e+00 1.328343e+00 1.571172e-01 1.730549e-01 61
1.582779e+00 5.100844e-01 7.471815e-02 -1.027841e-01 220
2.381398e+00 2.066320e-01 -2.281488e-02 -9.003955e-03 742
3.623201e+00 7.842875e-02 -4.537871e-04 -1.746416e-03 2697
5.488001e+00 2.901535e-02 8.931805e-04 1.349982e-03 9162
8.327347e+00 9.929829e-03 4.802815e-04 1.220909e-03 32433
1.262989e+01 3.128512e-03 1.093062e-04 1.023706e-03 112457
1.913771e+01 8.672847e-04 4.118631e-05 6.217516e-04 391155
