4.474464e-01 4.854369e+00 -4.670826e+00 2.303600e+00 9
7.337461e-01 3.568985e+00 1.635175e-01 5.737327e-01 19
1.051687e+00 2.048339e+00 3.816035e-01 1.671261e-01 61
1.582779e+00 5.714105e-01 1.114469e-02 -6.901398e-02 220
2.381398e+00 2.467849e-01 -2.537603e-02 -1.411433e-02 742
3.623201e+00 8.948687e-02 -6.344053e-03 -1.947205e-03 2697
5.488001e+00 3.314106e-02 -1.274804e-03 1.482256e-03 9162
8.327347e+00 1.145004e-02 2.220790e-04 1.239676e-03 32433
1.262989e+01 3.605741e-03 7.393050e-05 1.223147e-03 112457
1.913771e+01 1.026345e-03 3.579331e-05 7.429288e-04 391155
