4.474464e-01 1.870150e+00 -1.543906e-01 7.853041e-01 9
7.337461e-01 2.152279e+00 -5.416755e-01 9.182331e-01 19
1.051687e+00 1.085821e+00 6.304733e-02 2.434043e-01 61
1.582779e+00 4.584618e-01 6.618201e-02 -3.334733e-03 220
2.381398e+00 1.902353e-01 -3.506037e-02 -6.960428e-03 742
3.623201e+00 7.469409e-02 1.198590e-04 -3.629931e-03 2697
5.488001e+00 2.766615e-02 7.878479e-04 1.628054e-03 9162
8.327347e+00 9.391711e-03 5.075876e-04 1.125916e-03 32433
1.262989e+01 2.947553e-03 1.095383e-04 9.732400e-04 112457
1.913771e+01 8.104598e-04 3.907365e-05 5.764499e-04 391155
