4.474464e-01 3.207530e+00 1.650379e+00 8.476421e-01 9
7.337461e-01 2.105178e+00 5.779953e-02 -4.760573e-01 19
1.051687e+00 5.084504e-01 2.581210e-01 3.301353e-01 61
1.582779e+00 2.003267e-01 -6.638788e-02 4.772993e-02 220
2.381398e+00 7.741312e-02 -3.264635e-04 -1.024741e-02 742
3.623201e+00 3.026566e-02 2.450081e-03 -6.196846e-04 2697
5.488001e+00 1.045482e-02 8.155565e-05 4.207541e-04 9162
8.327347e+00 3.484164e-03 7.651950e-05 6.403186e-04 32433
1.262989e+01 1.043021e-03 3.274051e-05 4.383395e-04 112457
1.913771e+01 2.522667e-04 4.752931e-06 2.098124e-04 391155
