4.474464e-01 2.967600e+00 2.393239e+00 7.209383e-01 9
7.337461e-01 2.345849e+00 -4.332854e-01 1.742461e-01 19
1.051687e+00 5.863444e-01 2.485206e-01 2.048154e-01 61
1.582779e+00 3.146837e-01 -3.869698e-02 1.085585e-01 220
2.381398e+00 1.469420e-01 -1.558261e-02 -2.326127e-02 742
3.623201e+00 5.881406e-02 3.463508e-03 -3.958886e-04 2697
5.488001e+00 2.141499e-02 1.575124e-03 1.171638e-03 9162
8.327347e+00 7.317678e-03 2.528402e-04 1.105663e-03 32433
1.262989e+01 2.266853e-03 7.412041e-05 7.579346e-04 112457
1.913771e+01 5.904208e-04 2.921973e-05 4.241777e-04 391155
