4.474464e-01 3.799013e+00 2.380409e+00 9.655556e-01 9
7.337461e-01 2.563372e+00 -7.878382e-02 -5.327420e-01 19
1.051687e+00 5.952028e-01 3.491833e-01 3.745113e-01 61
1.582779e+00 2.541419e-01 -7.144182e-02 8.319953e-02 220
2.381398e+00 1.036788e-01 -6.388461e-03 -1.543204e-02 742
3.623201e+00 4.421666e-02 2.449001e-03 1.616748e-04 2697
5.488001e+00 1.605228e-02 9.882045e-04 7.038775e-04 9162
8.327347e+00 5.382245e-03 1.837484e-04 8.887828e-04 32433
1.262989e+01 1.655061e-03 5.377591e-05 6.019923e-04 112457
1.913771e+01 4.135918e-04 1.858186e-05 3.127674e-04 391155
