4.474464e-01 3.548125e+00 1.970711e+00 9.667703e-01 9
7.337461e-01 2.330441e+00 1.110033e-02 -5.421995e-01 19
1.051687e+00 5.628323e-01 2.710328e-01 3.618912e-01 61
1.582779e+00 2.234262e-01 -7.376971e-02 5.962007e-02 220
2.381398e+00 8.679708e-02 -1.603894e-03 -1.265911e-02 742
3.623201e+00 3.411888e-02 2.719113e-03 -1.003677e-04 2697
5.488001e+00 1.214840e-02 3.075475e-04 2.591028e-04 9162
8.327347e+00 4.118862e-03 1.414109e-04 6.006819e-04 32433
1.262989e+01 1.238599e-03 4.375621e-05 4.966822e-04 112457
1.913771e+01 3.028956e-04 7.642949e-06 2.413817e-04 391155
