4.474464e-01 8.608051e+01 -2.714601e+01 6.691729e+01 9
7.337461e-01 1.873416e+01 7.246699e+00 -2.071466e+01 19
1.051687e+00 4.880458e+00 1.218859e+00 -3.308470e+00 61
1.582779e+00 1.628792e+00 -4.194626e-01 -1.377581e-01 220
2.381398e+00 5.444855e-01 -4.155034e-02 -8.125959e-02 742
3.623201e+00 1.948319e-01 9.287782e-03 -9.849673e-03 2697
5.488001e+00 6.797380e-02 -1.098876e-03 3.668939e-03 9162
8.327347e+00 2.268350e-02 2.230975e-04 2.842231e-03 32433
1.262989e+01 7.487284e-03 1.678946e-04 2.319601e-03 112457
1.913771e+01 2.324005e-03 1.163113e-04 1.811539e-03 391155
