4.474464e-01 3.476468e+00 1.857932e+00 9.307748e-01 9
7.337461e-01 2.275446e+00 3.114466e-02 -5.164278e-01 19
1.051687e+00 5.520869e-01 2.736340e-01 3.592532e-01 61
1.582779e+00 2.179430e-01 -7.265655e-02 5.510017e-02 220
2.381398e+00 8.463528e-02 -1.135092e-03 -1.088846e-02 742
3.623201e+00 3.317808e-02 2.781953e-03 5.187989e-05 2697
5.488001e+00 1.172535e-02 1.959791e-04 3.738502e-04 9162
8.327347e+00 3.956761e-03 1.249366e-04 6.086582e-04 32433
1.262989e+01 1.187369e-03 4.564635e-05 4.819754e-04 112457
1.913771e+01 2.896854e-04 7.771157e-06 2.341945e-04 391155
