4.474464e-01 3.854311e+00 2.271133e+00 1.018768e+00 9
7.337461e-01 2.506554e+00 -5.312100e-02 -6.071056e-01 19
1.051687e+00 5.989547e-01 2.993609e-01 3.865905e-01 61
1.582779e+00 2.390185e-01 -7.687678e-02 6.820010e-02 220
2.381398e+00 9.517670e-02 -4.354360e-03 -1.543009e-02 742
3.623201e+00 3.869603e-02 2.954611e-03 -9.394662e-05 2697
5.488001e+00 1.394166e-02 5.807201e-04 4.088563e-04 9162
8.327347e+00 4.745294e-03 2.244664e-04 7.217845e-04 32433
1.262989e+01 1.445614e-03 5.861845e-05 5.499765e-04 112457
1.913771e+01 3.551655e-04 1.208771e-05 2.765319e-04 391155
