4.474464e-01 3.827458e+00 2.226152e+00 1.019187e+00 9
7.337461e-01 2.491613e+00 -2.506979e-02 -6.030892e-01 19
1.051687e+00 5.975351e-01 2.950210e-01 3.919913e-01 61
1.582779e+00 2.368893e-01 -7.555903e-02 6.696397e-02 220
2.381398e+00 9.407070e-02 -3.660664e-03 -1.597745e-02 742
3.623201e+00 3.795283e-02 2.866482e-03 -2.352149e-04 2697
5.488001e+00 1.361296e-02 5.540511e-04 3.304861e-04 9162
8.327347e+00 4.647302e-03 1.918849e-04 6.765109e-04 32433
1.262989e+01 1.414542e-03 5.844016e-05 5.355480e-04 112457
1.913771e+01 3.469214e-04 1.150378e-05 2.701104e-04 391155
