4.474464e-01 1.992875e+00 1.092988e+00 6.070340e-01 9
7.337461e-01 2.108176e+00 -7.876762e-01 7.921407e-01 19
1.051687e+00 8.540720e-01 1.142209e-01 2.689509e-01 61
1.582779e+00 4.169377e-01 5.261176e-02 4.037188e-02 220
2.381398e+00 1.783683e-01 -2.597308e-02 -2.111811e-02 742
3.623201e+00 6.983947e-02 -9.226855e-04 -2.763472e-03 2697
5.488001e+00 2.593113e-02 1.138232e-03 6.575554e-04 9162
8.327347e+00 8.786468e-03 5.522534e-04 9.621858e-04 32433
1.262989e+01 2.752389e-03 8.545070e-05 8.891088e-04 112457
1.913771e+01 7.445485e-04 3.643774e-05 5.216699e-04 391155
