4.474464e-01 1.557651e+02 -1.269506e+01 2.136190e+02 9
7.337461e-01 2.256648e+01 3.721019e+00 -2.288746e+01 19
1.051687e+00 8.076967e+00 3.828486e-02 -6.079884e+00 61
1.582779e+00 2.772388e+00 -3.912642e-01 1.614927e-01 220
2.381398e+00 8.435399e-01 -8.585749e-02 -1.411478e-01 742
3.623201e+00 2.785528e-01 3.886033e-03 -1.677429e-02 2697
5.488001e+00 9.705607e-02 1.183086e-04 4.584289e-03 9162
8.327347e+00 3.190383e-02 -5.603034e-04 2.793677e-03 32433
1.262989e+01 1.056379e-02 3.028889e-04 2.991740e-03 112457
1.913771e+01 3.361602e-03 2.301009e-04 2.550973e-03 391155
