4.474464e-01 2.777678e+02 9.882904e+01 4.766319e+02 9
7.337461e-01 4.276810e+01 2.572090e+00 -3.870740e+01 19
1.051687e+00 1.265841e+01 -7.768867e-01 -7.864153e+00 61
1.582779e+00 4.298859e+00 1.813838e-02 -3.583913e-01 220
2.381398e+00 1.204843e+00 -1.311892e-01 8.909269e-02 742
3.623201e+00 4.145581e-01 -1.142777e-02 -3.511751e-02 2697
5.488001e+00 1.427451e-01 -4.290787e-03 3.570451e-03 9162
8.327347e+00 4.567145e-02 -1.359769e-03 4.987229e-03 32433
1.262989e+01 1.518026e-02 -8.853114e-05 4.006180e-03 112457
1.913771e+01 4.887773e-03 1.729847e-04 3.796942e-03 391155
