4.474464e-01 3.542579e+00 2.459583e+00 9.017751e-01 9
7.337461e-01 2.559328e+00 -2.807997e-01 -3.356232e-01 19
1.051687e+00 5.916447e-01 3.333287e-01 2.325533e-01 61
1.582779e+00 2.769160e-01 -6.725136e-02 1.076709e-01 220
2.381398e+00 1.208938e-01 -7.351942e-03 -1.077134e-02 742
3.623201e+00 5.102251e-02 4.482563e-03 8.743668e-04 2697
5.488001e+00 1.840112e-02 1.334402e-03 3.469698e-04 9162
8.327347e+00 6.176254e-03 2.071655e-04 9.262354e-04 32433
1.262989e+01 1.909832e-03 6.392646e-05 6.529159e-04 112457
1.913771e+01 4.839358e-04 2.273216e-05 3.563624e-04 391155
