4.474464e-01 9.831495e+00 -8.062577e+00 4.672956e+00 9
7.337461e-01 5.121600e+00 1.007846e+00 -1.301298e+00 19
1.051687e+00 2.610403e+00 8.872995e-01 3.684180e-01 61
1.582779e+00 6.509225e-01 -7.856339e-02 -5.409824e-02 220
2.381398e+00 2.767890e-01 -2.085785e-02 -1.677649e-02 742
3.623201e+00 1.013153e-01 -4.837494e-03 2.475920e-03 2697
5.488001e+00 3.765308e-02 -2.022521e-03 3.007075e-03 9162
8.327347e+00 1.278312e-02 8.551181e-05 1.686008e-03 32433
1.262989e+01 4.048278e-03 7.734382e-05 1.396098e-03 112457
1.913771e+01 1.174135e-03 3.241647e-05 8.749236e-04 391155
