4.474464e-01 3.348232e+00 1.752573e+00 8.778825e-01 9
7.337461e-01 2.197436e+00 4.032236e-02 -5.054494e-01 19
1.051687e+00 5.313664e-01 2.659010e-01 3.457680e-01 61
1.582779e+00 2.094660e-01 -6.937732e-02 5.177445e-02 220
2.381398e+00 8.123065e-02 -2.498000e-04 -1.096529e-02 742
3.623201e+00 3.178733e-02 2.633862e-03 -3.828729e-04 2697
5.488001e+00 1.107616e-02 1.247656e-04 4.788321e-04 9162
8.327347e+00 3.707828e-03 8.771865e-05 6.328816e-04 32433
1.262989e+01 1.113291e-03 3.468720e-05 4.563791e-04 112457
1.913771e+01 2.699678e-04 6.054074e-06 2.221302e-04 391155
