4.474464e-01 1.844488e+00 4.979864e-01 6.930048e-01 9
7.337461e-01 2.057015e+00 -6.468491e-01 7.801023e-01 19
1.051687e+00 9.611603e-01 5.774879e-02 2.618672e-01 61
1.582779e+00 4.433088e-01 7.023155e-02 3.049685e-05 220
2.381398e+00 1.837251e-01 -3.025205e-02 -1.519392e-02 742
3.623201e+00 7.203533e-02 1.263855e-03 -4.054311e-03 2697
5.488001e+00 2.671937e-02 1.119079e-03 1.302789e-03 9162
8.327347e+00 9.086755e-03 6.508917e-04 1.037456e-03 32433
1.262989e+01 2.845323e-03 1.235235e-04 9.173010e-04 112457
1.913771e+01 7.759864e-04 4.599148e-05 5.489581e-04 391155
