4.474464e-01 7.104291e+00 -6.235594e+00 3.095090e+00 9
7.337461e-01 4.301195e+00 5.083723e-01 -7.146315e-01 19
1.051687e+00 2.391595e+00 7.307426e-01 2.749503e-01 61
1.582779e+00 6.108116e-01 -3.540558e-02 -5.870310e-02 220
2.381398e+00 2.646791e-01 -2.017666e-02 -1.799354e-02 742
3.623201e+00 9.683676e-02 -5.029862e-03 1.091259e-03 2697
5.488001e+00 3.554324e-02 -2.271210e-03 1.954740e-03 9162
8.327347e+00 1.225577e-02 1.091839e-04 1.584226e-03 32433
1.262989e+01 3.865240e-03 6.652300e-05 1.362521e-03 112457
1.913771e+01 1.112767e-03 3.645471e-05 8.193556e-04 391155
