4.474464e-01 1.481563e+01 -1.027176e+01 7.270357e+00 9
7.337461e-01 6.188575e+00 2.133176e+00 -3.307437e+00 19
1.051687e+00 2.747886e+00 9.390034e-01 1.760227e-01 61
1.582779e+00 7.241533e-01 -1.230072e-01 -1.075915e-01 220
2.381398e+00 3.087121e-01 -4.117271e-03 -4.092434e-02 742
3.623201e+00 1.118488e-01 -4.699314e-04 4.488627e-03 2697
5.488001e+00 4.095639e-02 -1.229847e-03 3.540725e-03 9162
8.327347e+00 1.375338e-02 3.796265e-05 2.000706e-03 32433
1.262989e+01 4.386693e-03 5.804822e-05 1.469780e-03 112457
1.913771e+01 1.287393e-03 3.162401e-05 9.643596e-04 391155
