4.474464e-01 5.894757e+01 -2.330843e+01 4.044041e+01 9
7.337461e-01 1.432521e+01 6.927712e+00 -1.858864e+01 19
1.051687e+00 3.514911e+00 1.034674e+00 -2.024014e+00 61
1.582779e+00 1.209354e+00 -2.085930e-01 -2.999053e-01 220
2.381398e+00 4.438111e-01 -3.054825e-02 -9.562878e-02 742
3.623201e+00 1.586730e-01 8.484102e-03 9.440868e-03 2697
5.488001e+00 5.722218e-02 -1.272416e-03 2.481256e-03 9162
8.327347e+00 1.913804e-02 -4.585609e-06 2.412672e-03 32433
1.262989e+01 6.236615e-03 1.277795e-04 1.824242e-03 112457
1.913771e+01 1.908900e-03 7.699397e-05 1.442726e-03 391155
