4.474464e-01 3.778446e+00 2.410039e+00 9.849076e-01 9
7.337461e-01 2.575185e+00 -1.083121e-01 -5.267818e-01 19
1.051687e+00 6.013352e-01 3.526960e-01 3.744817e-01 61
1.582779e+00 2.598436e-01 -6.908042e-02 8.930456e-02 220
2.381398e+00 1.073652e-01 -6.074775e-03 -1.326837e-02 742
3.623201e+00 4.618729e-02 2.894058e-03 -1.598698e-04 2697
5.488001e+00 1.674455e-02 1.031836e-03 8.038560e-04 9162
8.327347e+00 5.594327e-03 1.901806e-04 8.538912e-04 32433
1.262989e+01 1.726003e-03 5.289655e-05 6.049528e-04 112457
1.913771e+01 4.328615e-04 2.003559e-05 3.266882e-04 391155
