4.474464e-01 3.644449e+00 2.458288e+00 1.079131e+00 9
7.337461e-01 2.593192e+00 -1.242883e-01 -4.394958e-01 19
1.051687e+00 5.890394e-01 3.311280e-01 3.212267e-01 61
1.582779e+00 2.652359e-01 -7.041752e-02 9.240617e-02 220
2.381398e+00 1.115382e-01 -6.398364e-03 -1.556437e-02 742
3.623201e+00 4.820251e-02 3.539451e-03 1.094797e-03 2697
5.488001e+00 1.736030e-02 1.082255e-03 7.970333e-04 9162
8.327347e+00 5.812939e-03 1.442594e-04 8.433803e-04 32433
1.262989e+01 1.795426e-03 5.827182e-05 6.214705e-04 112457
1.913771e+01 4.521095e-04 2.219338e-05 3.386387e-04 391155
