4.474464e-01 2.754884e+00 2.297938e+00 6.386908e-01 9
7.337461e-01 2.328860e+00 -4.956743e-01 2.266554e-01 19
1.051687e+00 6.042392e-01 2.525384e-01 2.720558e-01 61
1.582779e+00 3.275107e-01 -2.532698e-02 9.542432e-02 220
2.381398e+00 1.523421e-01 -1.726897e-02 -3.134068e-02 742
3.623201e+00 6.042687e-02 2.416298e-03 -1.117636e-03 2697
5.488001e+00 2.209280e-02 1.377694e-03 1.399723e-03 9162
8.327347e+00 7.586531e-03 2.996095e-04 9.622040e-04 32433
1.262989e+01 2.355388e-03 8.679378e-05 7.476133e-04 112457
1.913771e+01 6.166049e-04 2.907688e-05 4.344328e-04 391155
