4.474464e-01 7.097337e+01 -2.399517e+01 5.102092e+01 9
7.337461e-01 1.677249e+01 7.510003e+00 -2.120421e+01 19
1.051687e+00 4.024473e+00 1.307514e+00 -2.669517e+00 61
1.582779e+00 1.385256e+00 -3.115752e-01 -1.926046e-01 220
2.381398e+00 4.828935e-01 -5.164740e-02 -8.790660e-02 742
3.623201e+00 1.723774e-01 8.090987e-03 5.480133e-03 2697
5.488001e+00 6.218002e-02 -3.900993e-04 2.990392e-03 9162
8.327347e+00 2.066913e-02 3.137287e-05 2.790241e-03 32433
1.262989e+01 6.779644e-03 1.013396e-04 1.991185e-03 112457
1.913771e+01 2.093589e-03 9.362357e-05 1.598775e-03 391155
