4.474464e-01 3.194635e+00 2.474359e+00 6.612760e-01 9
7.337461e-01 2.390669e+00 -3.471485e-01 4.123296e-02 19
1.051687e+00 5.843019e-01 3.130051e-01 2.428341e-01 61
1.582779e+00 2.981320e-01 -4.368182e-02 1.132083e-01 220
2.381398e+00 1.393917e-01 -1.291532e-02 -1.715413e-02 742
3.623201e+00 5.700873e-02 3.506262e-03 7.847745e-04 2697
5.488001e+00 2.080249e-02 1.601634e-03 1.096017e-03 9162
8.327347e+00 7.069853e-03 2.431687e-04 1.082871e-03 32433
1.262989e+01 2.189248e-03 8.279376e-05 7.460637e-04 112457
1.913771e+01 5.667969e-04 2.602040e-05 4.070775e-04 391155
