4.474464e-01 3.399938e+00 1.784917e+00 8.878292e-01 9
7.337461e-01 2.229847e+00 3.769272e-02 -5.165559e-01 19
1.051687e+00 5.397180e-01 2.697632e-01 3.517157e-01 61
1.582779e+00 2.127822e-01 -7.056722e-02 5.293728e-02 220
2.381398e+00 8.263492e-02 -2.954338e-04 -1.122614e-02 742
3.623201e+00 3.236066e-02 2.680546e-03 -3.458877e-04 2697
5.488001e+00 1.130052e-02 1.298427e-04 4.880260e-04 9162
8.327347e+00 3.790055e-03 9.014471e-05 6.360022e-04 32433
1.262989e+01 1.137825e-03 3.593668e-05 4.635630e-04 112457
1.913771e+01 2.763960e-04 6.610969e-06 2.260670e-04 391155
