4.474464e-01 3.295709e+00 1.717465e+00 8.800777e-01 9
7.337461e-01 2.168393e+00 4.469474e-02 -4.911954e-01 19
1.051687e+00 5.240882e-01 2.616661e-01 3.380766e-01 61
1.582779e+00 2.067710e-01 -6.804705e-02 5.048334e-02 220
2.381398e+00 7.993740e-02 -4.560727e-05 -1.079845e-02 742
3.623201e+00 3.127765e-02 2.595078e-03 -4.958497e-04 2697
5.488001e+00 1.088390e-02 9.633416e-05 4.740458e-04 9162
8.327347e+00 3.627748e-03 7.287495e-05 6.553574e-04 32433
1.262989e+01 1.088875e-03 3.550463e-05 4.558762e-04 112457
1.913771e+01 2.639653e-04 5.944076e-06 2.185119e-04 391155
