4.474464e-01 2.562540e+00 -2.201855e+00 1.422713e+00 9
7.337461e-01 2.513446e+00 -3.254889e-01 8.513961e-01 19
1.051687e+00 1.517790e+00 1.539480e-01 1.654320e-01 61
1.582779e+00 5.379336e-01 6.018539e-02 -9.829316e-02 220
2.381398e+00 2.178953e-01 -3.028383e-02 -5.443555e-03 742
3.623201e+00 8.075975e-02 -3.013499e-03 3.222127e-04 2697
5.488001e+00 2.996868e-02 7.578919e-04 1.400665e-03 9162
8.327347e+00 1.034369e-02 4.930916e-04 1.251250e-03 32433
1.262989e+01 3.248111e-03 1.024706e-04 1.075417e-03 112457
1.913771e+01 9.087104e-04 3.615961e-05 6.539712e-04 391155
