4.474464e-01 3.705198e+01 -2.262772e+01 2.368855e+01 9
7.337461e-01 1.051567e+01 5.815817e+00 -1.215816e+01 19
1.051687e+00 3.003174e+00 9.155223e-01 -1.001845e+00 61
1.582779e+00 9.407858e-01 -4.486913e-02 -2.748844e-01 220
2.381398e+00 3.820169e-01 -3.968531e-03 -8.242115e-02 742
3.623201e+00 1.383160e-01 5.701563e-03 3.613566e-03 2697
5.488001e+00 5.042046e-02 -1.780083e-03 3.947361e-03 9162
8.327347e+00 1.667547e-02 4.900655e-05 2.315404e-03 32433
1.262989e+01 5.377995e-03 1.280092e-04 1.651048e-03 112457
1.913771e+01 1.626528e-03 4.568252e-05 1.219556e-03 391155
