4.474464e-01 3.293083e+00 2.425114e+00 6.670341e-01 9
7.337461e-01 2.462279e+00 -3.568068e-01 -1.281218e-01 19
1.051687e+00 5.818038e-01 3.126192e-01 2.263009e-01 61
1.582779e+00 2.888093e-01 -4.966723e-02 1.135471e-01 220
2.381398e+00 1.326632e-01 -1.119587e-02 -1.239669e-02 742
3.623201e+00 5.518914e-02 2.993004e-03 7.893649e-04 2697
5.488001e+00 1.997542e-02 1.421531e-03 5.492865e-04 9162
8.327347e+00 6.791507e-03 1.857206e-04 9.709512e-04 32433
1.262989e+01 2.106812e-03 7.586190e-05 7.209044e-04 112457
1.913771e+01 5.417437e-04 2.166019e-05 3.936132e-04 391155
