4.474464e-01 3.322818e+01 -2.149575e+01 2.123946e+01 9
7.337461e-01 9.894847e+00 5.185987e+00 -1.088032e+01 19
1.051687e+00 2.969242e+00 9.363311e-01 -8.438716e-01 61
1.582779e+00 9.048037e-01 -5.116694e-02 -2.726572e-01 220
2.381398e+00 3.728595e-01 -8.607307e-03 -7.802049e-02 742
3.623201e+00 1.345775e-01 4.670011e-03 3.819951e-03 2697
5.488001e+00 4.910305e-02 -2.004916e-03 3.137771e-03 9162
8.327347e+00 1.621281e-02 2.679446e-04 2.266330e-03 32433
1.262989e+01 5.233802e-03 1.715735e-04 1.626634e-03 112457
1.913771e+01 1.571033e-03 5.397686e-05 1.182864e-03 391155
