4.474464e-01 3.498144e+00 2.448336e+00 8.317515e-01 9
7.337461e-01 2.512947e+00 -3.062340e-01 -2.826447e-01 19
1.051687e+00 5.855904e-01 3.273619e-01 2.370893e-01 61
1.582779e+00 2.805315e-01 -5.674387e-02 1.102992e-01 220
2.381398e+00 1.265914e-01 -8.203341e-03 -1.371116e-02 742
3.623201e+00 5.293019e-02 3.738603e-03 1.840047e-04 2697
5.488001e+00 1.909942e-02 1.317629e-03 4.268695e-04 9162
8.327347e+00 6.418013e-03 2.259187e-04 9.872456e-04 32433
1.262989e+01 1.986535e-03 6.182662e-05 6.806925e-04 112457
1.913771e+01 5.074759e-04 2.292678e-05 3.706727e-04 391155
