4.474464e-01 3.557857e+02 1.798609e+02 6.372015e+02 9
7.337461e-01 5.922874e+01 1.119257e+00 -5.077350e+01 19
1.051687e+00 1.718138e+01 -2.169725e+00 -7.990451e+00 61
1.582779e+00 5.663046e+00 -2.321754e-01 -3.213928e-01 220
2.381398e+00 1.515122e+00 -1.722979e-01 1.828611e-01 742
3.623201e+00 5.245234e-01 -6.133997e-02 -6.092310e-02 2697
5.488001e+00 1.795437e-01 -7.420519e-03 3.791670e-03 9162
8.327347e+00 5.784506e-02 -5.437948e-03 6.246023e-03 32433
1.262989e+01 1.905637e-02 -3.592945e-04 4.681593e-03 112457
1.913771e+01 6.145074e-03 1.556037e-04 4.652370e-03 391155
