4.474464e-01 3.603745e+00 2.010862e+00 9.873746e-01 9
7.337461e-01 2.353912e+00 5.649668e-03 -5.359516e-01 19
1.051687e+00 5.688115e-01 2.740241e-01 3.671222e-01 61
1.582779e+00 2.260844e-01 -7.512883e-02 6.087445e-02 220
2.381398e+00 8.793928e-02 -2.033237e-03 -1.295404e-02 742
3.623201e+00 3.465002e-02 2.871192e-03 -1.988634e-04 2697
5.488001e+00 1.237473e-02 3.313188e-04 2.106808e-04 9162
8.327347e+00 4.208495e-03 1.383036e-04 6.239371e-04 32433
1.262989e+01 1.266101e-03 4.162027e-05 5.028316e-04 112457
1.913771e+01 3.099250e-04 7.558188e-06 2.447882e-04 391155
