4.474464e-01 1.265526e+02 -2.790406e+01 1.487779e+02 9
7.337461e-01 2.011785e+01 4.635576e+00 -2.202668e+01 19
1.051687e+00 6.883601e+00 3.170543e-01 -4.680295e+00 61
1.582779e+00 2.407163e+00 -3.447444e-01 1.037705e-01 220
2.381398e+00 7.249300e-01 -5.997407e-02 -9.392434e-02 742
3.623201e+00 2.510650e-01 5.555120e-03 -1.498940e-02 2697
5.488001e+00 8.640122e-02 -1.802884e-03 4.259263e-03 9162
8.327347e+00 2.850430e-02 -2.990586e-04 2.588106e-03 32433
1.262989e+01 9.407820e-03 2.381216e-04 2.740563e-03 112457
1.913771e+01 2.962615e-03 1.729280e-04 2.251349e-03 391155
