4.474464e-01 2.172253e+00 1.757802e+00 7.048541e-01 9
7.337461e-01 2.111449e+00 -7.666848e-01 7.922584e-01 19
1.051687e+00 7.752229e-01 1.519002e-01 2.570731e-01 61
1.582779e+00 3.915123e-01 3.782148e-02 7.134987e-02 220
2.381398e+00 1.734174e-01 -2.167777e-02 -2.051688e-02 742
3.623201e+00 6.776409e-02 1.295306e-03 -1.834162e-03 2697
5.488001e+00 2.494772e-02 1.333072e-03 8.667006e-04 9162
8.327347e+00 8.464832e-03 5.163135e-04 9.212795e-04 32433
1.262989e+01 2.654087e-03 1.039027e-04 8.436223e-04 112457
1.913771e+01 7.137332e-04 4.031039e-05 4.970854e-04 391155
