4.474464e-01 2.055943e+02 8.781488e+00 3.153120e+02 9
7.337461e-01 3.034189e+01 3.069406e+00 -2.720733e+01 19
1.051687e+00 1.010540e+01 -1.662719e-01 -7.412551e+00 61
1.582779e+00 3.361489e+00 -1.643720e-01 -1.038044e-01 220
2.381398e+00 1.036850e+00 -1.348827e-01 -1.467052e-01 742
3.623201e+00 3.338795e-01 -1.710699e-02 -2.291439e-02 2697
5.488001e+00 1.166871e-01 -4.443971e-03 2.507504e-03 9162
8.327347e+00 3.745963e-02 -7.746541e-04 3.681781e-03 32433
1.262989e+01 1.248583e-02 1.806180e-04 3.573274e-03 112457
1.913771e+01 4.012653e-03 2.493588e-04 3.051073e-03 391155
