4.474464e-01 3.880174e+00 2.388991e+00 1.024909e+00 9
7.337461e-01 2.542811e+00 -7.074118e-02 -5.539145e-01 19
1.051687e+00 5.996043e-01 3.275142e-01 3.718498e-01 61
1.582779e+00 2.492702e-01 -7.150176e-02 7.690295e-02 220
2.381398e+00 1.002479e-01 -4.881253e-03 -1.721819e-02 742
3.623201e+00 4.157721e-02 3.332620e-03 2.273997e-04 2697
5.488001e+00 1.507301e-02 7.146605e-04 6.126271e-04 9162
8.327347e+00 5.129342e-03 2.719957e-04 8.745737e-04 32433
1.262989e+01 1.567087e-03 6.033836e-05 5.820737e-04 112457
1.913771e+01 3.893105e-04 1.558663e-05 2.958644e-04 391155
