4.474464e-01 3.819558e+00 2.378439e+00 9.881285e-01 9
7.337461e-01 2.545607e+00 -9.731986e-02 -5.540519e-01 19
1.051687e+00 5.908388e-01 3.504303e-01 3.786593e-01 61
1.582779e+00 2.515178e-01 -7.080622e-02 8.022908e-02 220
2.381398e+00 1.027152e-01 -7.025601e-03 -1.773959e-02 742
3.623201e+00 4.324967e-02 2.170365e-03 5.322424e-05 2697
5.488001e+00 1.571205e-02 8.330263e-04 6.665003e-04 9162
8.327347e+00 5.292724e-03 1.653349e-04 9.036437e-04 32433
1.262989e+01 1.621100e-03 4.725734e-05 5.962734e-04 112457
1.913771e+01 4.044232e-04 1.540168e-05 3.079414e-04 391155
