4.474464e-01 2.365978e+00 2.036703e+00 6.437651e-01 9
7.337461e-01 2.165400e+00 -6.753934e-01 5.166013e-01 19
1.051687e+00 6.814483e-01 2.195774e-01 3.227456e-01 61
1.582779e+00 3.617485e-01 1.035406e-02 9.592599e-02 220
2.381398e+00 1.609589e-01 -1.404881e-02 -2.603874e-02 742
3.623201e+00 6.380312e-02 1.432408e-03 -3.045025e-03 2697
5.488001e+00 2.354643e-02 1.575405e-03 1.133981e-03 9162
8.327347e+00 8.062256e-03 5.275238e-04 9.424855e-04 32433
1.262989e+01 2.507308e-03 9.233418e-05 7.833869e-04 112457
1.913771e+01 6.675798e-04 3.356211e-05 4.692880e-04 391155
