4.474464e-01 3.156908e+00 1.623796e+00 8.337983e-01 9
7.337461e-01 2.072919e+00 5.686283e-02 -4.663698e-01 19
1.051687e+00 4.999560e-01 2.538806e-01 3.250290e-01 61
1.582779e+00 1.969467e-01 -6.526685e-02 4.682098e-02 220
2.381398e+00 7.605473e-02 -3.115541e-04 -9.997226e-03 742
3.623201e+00 2.971147e-02 2.402616e-03 -6.173426e-04 2697
5.488001e+00 1.024888e-02 7.698310e-05 4.117096e-04 9162
8.327347e+00 3.411910e-03 7.600887e-05 6.321368e-04 32433
1.262989e+01 1.020481e-03 3.204214e-05 4.302686e-04 112457
1.913771e+01 2.466289e-04 4.411809e-06 2.061287e-04 391155
