4.474464e-01 1.105924e+02 -3.322314e+01 1.163193e+02 9
7.337461e-01 1.953657e+01 5.430657e+00 -2.183903e+01 19
1.051687e+00 6.204618e+00 2.423461e-01 -4.075920e+00 61
1.582779e+00 2.108649e+00 -3.479549e-01 -3.877813e-03 220
2.381398e+00 6.549581e-01 -5.083756e-02 -6.713890e-02 742
3.623201e+00 2.297108e-01 2.211577e-03 -5.694439e-03 2697
5.488001e+00 7.959951e-02 -2.610815e-03 1.627182e-03 9162
8.327347e+00 2.623451e-02 8.362660e-05 3.107434e-03 32433
1.262989e+01 8.675925e-03 2.028741e-04 2.586996e-03 112457
1.913771e+01 2.714733e-03 1.324405e-04 2.077496e-03 391155
