4.474464e-01 3.740026e+00 2.135317e+00 1.017740e+00 9
7.337461e-01 2.431291e+00 -4.789307e-03 -5.783370e-01 19
1.051687e+00 5.835429e-01 2.864428e-01 3.771962e-01 61
1.582779e+00 2.316566e-01 -7.428540e-02 6.546659e-02 220
2.381398e+00 9.122108e-02 -3.007770e-03 -1.450963e-02 742
3.623201e+00 3.650457e-02 3.142681e-03 -4.089825e-04 2697
5.488001e+00 1.310136e-02 5.528348e-04 2.450662e-04 9162
8.327347e+00 4.457324e-03 1.667861e-04 6.688315e-04 32433
1.262989e+01 1.353320e-03 5.094322e-05 5.387521e-04 112457
1.913771e+01 3.317304e-04 1.048054e-05 2.615307e-04 391155
