4.474464e-01 3.848769e+00 2.308966e+00 1.046290e+00 9
7.337461e-01 2.506799e+00 -5.287543e-02 -5.797805e-01 19
1.051687e+00 5.971913e-01 3.177692e-01 3.709542e-01 61
1.582779e+00 2.415411e-01 -7.242216e-02 7.167238e-02 220
2.381398e+00 9.636534e-02 -3.656501e-03 -1.662799e-02 742
3.623201e+00 3.932684e-02 3.380259e-03 1.449239e-04 2697
5.488001e+00 1.423016e-02 7.547496e-04 5.420382e-04 9162
8.327347e+00 4.826385e-03 2.454549e-04 7.596394e-04 32433
1.262989e+01 1.473974e-03 5.293213e-05 5.561812e-04 112457
1.913771e+01 3.628367e-04 1.318823e-05 2.802610e-04 391155
