4.474464e-01 2.227064e+00 1.815282e+00 6.012709e-01 9
7.337461e-01 2.123081e+00 -8.250647e-01 6.789179e-01 19
1.051687e+00 7.299865e-01 1.653862e-01 3.154212e-01 61
1.582779e+00 3.821539e-01 2.382659e-02 8.358230e-02 220
2.381398e+00 1.705246e-01 -1.732494e-02 -2.583535e-02 742
3.623201e+00 6.661604e-02 1.492784e-03 -2.737796e-03 2697
5.488001e+00 2.439290e-02 1.283200e-03 9.594078e-04 9162
8.327347e+00 8.318984e-03 4.765391e-04 8.672086e-04 32433
1.262989e+01 2.612235e-03 9.930190e-05 8.131082e-04 112457
1.913771e+01 6.996880e-04 3.536624e-05 4.856058e-04 391155
