4.474464e-01 1.725556e+01 -1.217666e+01 9.158076e+00 9
7.337461e-01 6.715496e+00 2.828275e+00 -4.154519e+00 19
1.051687e+00 2.808461e+00 1.022508e+00 1.130199e-02 61
1.582779e+00 7.602503e-01 -1.377159e-01 -1.446303e-01 220
2.381398e+00 3.196462e-01 -3.272531e-03 -4.693891e-02 742
3.623201e+00 1.143565e-01 2.437677e-03 4.410499e-03 2697
5.488001e+00 4.186707e-02 -1.498680e-03 3.635775e-03 9162
8.327347e+00 1.409258e-02 -4.199974e-05 1.962246e-03 32433
1.262989e+01 4.505205e-03 2.444906e-05 1.456751e-03 112457
1.913771e+01 1.330361e-03 2.450681e-05 9.833526e-04 391155
