4.474464e-01 3.131348e+00 2.440175e+00 6.746074e-01 9
7.337461e-01 2.362254e+00 -3.710372e-01 5.702274e-02 19
1.051687e+00 5.801921e-01 2.803002e-01 2.339352e-01 61
1.582779e+00 3.084288e-01 -4.177784e-02 1.136181e-01 220
2.381398e+00 1.425817e-01 -1.553661e-02 -1.936102e-02 742
3.623201e+00 5.774773e-02 3.699044e-03 2.804626e-04 2697
5.488001e+00 2.113256e-02 1.451179e-03 1.085354e-03 9162
8.327347e+00 7.210415e-03 1.995503e-04 1.117110e-03 32433
1.262989e+01 2.232075e-03 6.976055e-05 7.565192e-04 112457
1.913771e+01 5.798675e-04 2.699524e-05 4.168525e-04 391155
