4.474464e-01 4.252686e+01 -2.430553e+01 2.661596e+01 9
7.337461e-01 1.135411e+01 5.775419e+00 -1.434538e+01 19
1.051687e+00 3.049201e+00 8.017293e-01 -1.208863e+00 61
1.582779e+00 9.901723e-01 -9.188341e-02 -2.440104e-01 220
2.381398e+00 3.990967e-01 -6.217665e-03 -8.585706e-02 742
3.623201e+00 1.438380e-01 7.527725e-03 1.803858e-03 2697
5.488001e+00 5.228503e-02 -1.267748e-03 4.320863e-03 9162
8.327347e+00 1.733667e-02 2.330370e-04 2.539303e-03 32433
1.262989e+01 5.591230e-03 1.191218e-04 1.737983e-03 112457
1.913771e+01 1.697335e-03 4.836880e-05 1.266888e-03 391155
