4.474464e-01 2.538902e+00 2.061411e+00 4.458762e-01 9
7.337461e-01 2.210887e+00 -6.702678e-01 3.221229e-01 19
1.051687e+00 6.405996e-01 2.816259e-01 3.274006e-01 61
1.582779e+00 3.435737e-01 -1.086500e-02 9.929975e-02 220
2.381398e+00 1.548784e-01 -1.291237e-02 -2.502201e-02 742
3.623201e+00 6.151019e-02 2.151554e-03 -7.839318e-04 2697
5.488001e+00 2.277315e-02 1.243594e-03 1.309773e-03 9162
8.327347e+00 7.814601e-03 4.099342e-04 1.012759e-03 32433
1.262989e+01 2.423191e-03 7.641036e-05 7.616394e-04 112457
1.913771e+01 6.405074e-04 2.776272e-05 4.498916e-04 391155
