4.474464e-01 3.247860e+00 1.687710e+00 8.652470e-01 9
7.337461e-01 2.135691e+00 4.656310e-02 -4.828999e-01 19
1.051687e+00 5.155482e-01 2.590958e-01 3.335211e-01 61
1.582779e+00 2.034286e-01 -6.699734e-02 4.923736e-02 220
2.381398e+00 7.858540e-02 -6.014083e-05 -1.048525e-02 742
3.623201e+00 3.070718e-02 2.541451e-03 -5.747725e-04 2697
5.488001e+00 1.066098e-02 8.155851e-05 4.464113e-04 9162
8.327347e+00 3.552323e-03 7.110406e-05 6.434207e-04 32433
1.262989e+01 1.065341e-03 3.452224e-05 4.472183e-04 112457
1.913771e+01 2.579121e-04 5.270530e-06 2.144136e-04 391155
