4.474464e-01 1.950071e+01 -1.376670e+01 1.172505e+01 9
7.337461e-01 7.278186e+00 3.249519e+00 -5.484906e+00 19
1.051687e+00 2.839760e+00 1.061327e+00 -8.486087e-02 61
1.582779e+00 7.878309e-01 -1.216368e-01 -2.039930e-01 220
2.381398e+00 3.296634e-01 -8.191540e-03 -4.908692e-02 742
3.623201e+00 1.171782e-01 2.553103e-03 6.194140e-03 2697
5.488001e+00 4.296620e-02 -1.223505e-03 3.116794e-03 9162
8.327347e+00 1.441676e-02 2.828480e-05 1.723659e-03 32433
1.262989e+01 4.617647e-03 3.806147e-05 1.465961e-03 112457
1.913771e+01 1.368685e-03 2.474624e-05 1.008268e-03 391155
