4.474464e-01 3.523632e+00 2.418801e+00 8.820554e-01 9
7.337461e-01 2.526169e+00 -2.782621e-01 -3.314154e-01 19
1.051687e+00 5.830968e-01 3.209574e-01 2.343170e-01 61
1.582779e+00 2.782332e-01 -6.228409e-02 1.058922e-01 220
2.381398e+00 1.227868e-01 -7.610349e-03 -1.253015e-02 742
3.623201e+00 5.185313e-02 3.881439e-03 4.283053e-04 2697
5.488001e+00 1.870199e-02 1.340791e-03 6.127865e-04 9162
8.327347e+00 6.267526e-03 2.168559e-04 9.917164e-04 32433
1.262989e+01 1.944601e-03 6.264031e-05 6.753768e-04 112457
1.913771e+01 4.948863e-04 2.242623e-05 3.660237e-04 391155
