4.474464e-01 3.520414e+00 1.893574e+00 9.278027e-01 9
7.337461e-01 2.303647e+00 1.890900e-02 -5.285849e-01 19
1.051687e+00 5.583423e-01 2.785679e-01 3.607959e-01 61
1.582779e+00 2.209627e-01 -7.418360e-02 5.649196e-02 220
2.381398e+00 8.592165e-02 -1.406347e-03 -1.078689e-02 742
3.623201e+00 3.369706e-02 2.795919e-03 2.000895e-04 2697
5.488001e+00 1.194919e-02 2.476329e-04 3.911980e-04 9162
8.327347e+00 4.041289e-03 1.335895e-04 6.111149e-04 32433
1.262989e+01 1.214844e-03 4.377868e-05 4.925216e-04 112457
1.913771e+01 2.963262e-04 7.458057e-06 2.381580e-04 391155
