4.474464e-01 2.553962e+01 -1.738463e+01 1.601277e+01 9
7.337461e-01 8.380973e+00 4.298890e+00 -7.734996e+00 19
1.051687e+00 2.936966e+00 1.056169e+00 -2.227514e-01 61
1.582779e+00 8.475646e-01 -1.121282e-01 -2.345141e-01 220
2.381398e+00 3.479963e-01 -1.178906e-02 -5.283901e-02 742
3.623201e+00 1.255668e-01 1.547196e-03 1.054371e-02 2697
5.488001e+00 4.594819e-02 -1.001445e-03 3.197178e-03 9162
8.327347e+00 1.525048e-02 6.748224e-06 1.842967e-03 32433
1.262989e+01 4.907743e-03 6.402139e-05 1.520885e-03 112457
1.913771e+01 1.461263e-03 4.044206e-05 1.089847e-03 391155
