4.474464e-01 2.455729e+00 1.996391e+00 5.023962e-01 9
7.337461e-01 2.200555e+00 -6.874379e-01 4.613143e-01 19
1.051687e+00 6.635743e-01 2.551532e-01 3.297994e-01 61
1.582779e+00 3.500806e-01 4.846219e-04 9.720011e-02 220
2.381398e+00 1.570958e-01 -1.205125e-02 -2.623593e-02 742
3.623201e+00 6.240599e-02 2.478455e-03 -2.180563e-03 2697
5.488001e+00 2.317172e-02 1.578839e-03 1.285373e-03 9162
8.327347e+00 7.938383e-03 5.210168e-04 1.000944e-03 32433
1.262989e+01 2.464763e-03 8.834014e-05 7.628019e-04 112457
1.913771e+01 6.523832e-04 3.135911e-05 4.574945e-04 391155
