4.474464e-01 1.781180e+03 8.984831e+02 1.558172e+03 9
7.337461e-01 5.467063e+02 5.122509e+02 4.304049e+02 19
1.051687e+00 2.529396e+02 8.961395e+01 7.392389e+01 61
1.582779e+00 5.465392e+01 1.167495e+01 2.790285e+01 220
2.381398e+00 1.556034e+01 2.143179e+00 -5.922010e+00 742
3.623201e+00 4.223393e+00 -8.833954e-01 -1.275084e-02 2697
5.488001e+00 1.642474e+00 8.344170e-03 1.782044e-01 9162
8.327347e+00 4.770422e-01 3.193968e-02 -4.871802e-02 32433
1.262989e+01 1.612674e-01 1.970213e-02 1.737052e-02 112457
1.913771e+01 5.370478e-02 4.439744e-03 2.916307e-02 391155
