4.474464e-01 2.041044e+00 -9.541655e-01 9.192509e-01 9
7.337461e-01 2.294786e+00 -5.405205e-01 8.317704e-01 19
1.051687e+00 1.247903e+00 1.221274e-01 1.739904e-01 61
1.582779e+00 4.888069e-01 7.619660e-02 -6.352462e-02 220
2.381398e+00 2.010460e-01 -2.642788e-02 -6.837374e-03 742
3.623201e+00 7.700027e-02 -1.952892e-05 -2.007527e-03 2697
5.488001e+00 2.851577e-02 1.026514e-03 1.557814e-03 9162
8.327347e+00 9.767427e-03 5.257341e-04 1.218205e-03 32433
1.262989e+01 3.071024e-03 1.158288e-04 1.004500e-03 112457
1.913771e+01 8.484949e-04 4.205109e-05 6.062179e-04 391155
