4.474464e-01 2.603610e+00 2.149130e+00 4.616067e-01 9
7.337461e-01 2.253994e+00 -5.995716e-01 2.485809e-01 19
1.051687e+00 6.330290e-01 2.725295e-01 3.238636e-01 61
1.582779e+00 3.333181e-01 -9.811630e-03 1.091128e-01 220
2.381398e+00 1.524399e-01 -1.301382e-02 -2.833290e-02 742
3.623201e+00 6.069517e-02 2.440257e-03 -8.290935e-04 2697
5.488001e+00 2.230688e-02 1.529453e-03 1.373374e-03 9162
8.327347e+00 7.673692e-03 4.304050e-04 1.052567e-03 32433
1.262989e+01 2.383889e-03 9.173647e-05 7.593191e-04 112457
1.913771e+01 6.275090e-04 3.042597e-05 4.441247e-04 391155
