4.474464e-01 3.717474e+00 2.440240e+00 1.033975e+00 9
7.337461e-01 2.581061e+00 -1.109739e-01 -4.811597e-01 19
1.051687e+00 5.991966e-01 3.451420e-01 3.659311e-01 61
1.582779e+00 2.626125e-01 -6.888621e-02 9.204189e-02 220
2.381398e+00 1.095024e-01 -6.252144e-03 -1.320587e-02 742
3.623201e+00 4.734837e-02 2.926985e-03 2.259275e-04 2697
5.488001e+00 1.703397e-02 1.010614e-03 6.074532e-04 9162
8.327347e+00 5.715765e-03 1.841965e-04 8.176216e-04 32433
1.262989e+01 1.760915e-03 5.683700e-05 6.066711e-04 112457
1.913771e+01 4.426290e-04 2.042079e-05 3.306599e-04 391155
