4.474464e-01 3.434533e+00 1.813028e+00 8.985145e-01 9
7.337461e-01 2.254869e+00 2.669959e-02 -5.177431e-01 19
1.051687e+00 5.446486e-01 2.708678e-01 3.530706e-01 61
1.582779e+00 2.156969e-01 -7.231593e-02 5.411813e-02 220
2.381398e+00 8.366456e-02 -8.736588e-04 -1.019258e-02 742
3.623201e+00 3.283492e-02 2.578354e-03 5.393318e-05 2697
5.488001e+00 1.150999e-02 1.840535e-04 4.064856e-04 9162
8.327347e+00 3.873708e-03 1.142839e-04 6.181515e-04 32433
1.262989e+01 1.163742e-03 3.853117e-05 4.716243e-04 112457
1.913771e+01 2.829058e-04 6.692046e-06 2.295508e-04 391155
