4.474464e-01 3.837533e+00 2.439331e+00 1.077269e+00 9
7.337461e-01 2.546011e+00 -8.164853e-02 -5.231306e-01 19
1.051687e+00 5.931232e-01 3.408203e-01 3.918705e-01 61
1.582779e+00 2.497923e-01 -6.778231e-02 8.342269e-02 220
2.381398e+00 1.012369e-01 -4.708047e-03 -1.920531e-02 742
3.623201e+00 4.239642e-02 2.379844e-03 2.214139e-05 2697
5.488001e+00 1.539679e-02 8.490991e-04 5.825778e-04 9162
8.327347e+00 5.210448e-03 2.423615e-04 8.949610e-04 32433
1.262989e+01 1.592583e-03 6.355109e-05 5.831825e-04 112457
1.913771e+01 3.968173e-04 1.740634e-05 3.009315e-04 391155
