4.474464e-01 3.363726e+00 2.382234e+00 6.967899e-01 9
7.337461e-01 2.461590e+00 -3.423178e-01 -1.748564e-01 19
1.051687e+00 5.816874e-01 3.337340e-01 2.447969e-01 61
1.582779e+00 2.843952e-01 -5.061290e-02 1.151487e-01 220
2.381398e+00 1.302317e-01 -1.077704e-02 -1.484568e-02 742
3.623201e+00 5.448947e-02 4.134813e-03 -9.707818e-06 2697
5.488001e+00 1.962157e-02 1.394243e-03 3.749216e-04 9162
8.327347e+00 6.669048e-03 2.198887e-04 9.155161e-04 32433
1.262989e+01 2.065213e-03 7.296145e-05 7.157779e-04 112457
1.913771e+01 5.301559e-04 2.260721e-05 3.875505e-04 391155
