4.474464e-01 7.839530e+01 -2.635995e+01 5.592844e+01 9
7.337461e-01 1.765704e+01 7.526360e+00 -2.064857e+01 19
1.051687e+00 4.306652e+00 1.398118e+00 -2.900461e+00 61
1.582779e+00 1.482046e+00 -3.557198e-01 -2.000140e-01 220
2.381398e+00 5.108281e-01 -3.237651e-02 -9.246882e-02 742
3.623201e+00 1.838653e-01 8.213427e-03 -1.045106e-03 2697
5.488001e+00 6.502500e-02 -5.422330e-04 2.834378e-03 9162
8.327347e+00 2.164130e-02 2.167453e-04 2.946226e-03 32433
1.262989e+01 7.133120e-03 1.771158e-04 2.182425e-03 112457
1.913771e+01 2.204037e-03 1.145939e-04 1.692073e-03 391155
