4.474464e-01 4.843722e+01 -2.443559e+01 3.186054e+01 9
7.337461e-01 1.217418e+01 6.027271e+00 -1.571909e+01 19
1.051687e+00 3.227191e+00 7.742083e-01 -1.534077e+00 61
1.582779e+00 1.063189e+00 -1.386731e-01 -2.497148e-01 220
2.381398e+00 4.144308e-01 -2.516183e-02 -8.065047e-02 742
3.623201e+00 1.487250e-01 7.063944e-03 3.342051e-03 2697
5.488001e+00 5.376849e-02 -2.657027e-03 3.115477e-03 9162
8.327347e+00 1.793161e-02 -1.792253e-04 2.261033e-03 32433
1.262989e+01 5.806594e-03 4.436666e-05 1.755892e-03 112457
1.913771e+01 1.769567e-03 4.262273e-05 1.305597e-03 391155
