4.474464e-01 3.812324e+00 2.391628e+00 9.983989e-01 9
7.337461e-01 2.570110e+00 -8.504075e-02 -5.505007e-01 19
1.051687e+00 5.978498e-01 3.595646e-01 3.762519e-01 61
1.582779e+00 2.564319e-01 -6.961984e-02 8.747975e-02 220
2.381398e+00 1.057472e-01 -6.557691e-03 -1.470411e-02 742
3.623201e+00 4.518236e-02 2.553636e-03 -8.445250e-05 2697
5.488001e+00 1.642580e-02 1.077477e-03 7.412561e-04 9162
8.327347e+00 5.491960e-03 2.074464e-04 8.689724e-04 32433
1.262989e+01 1.691170e-03 5.460061e-05 6.050229e-04 112457
1.913771e+01 4.235298e-04 1.918502e-05 3.198358e-04 391155
