4.474464e-01 2.319492e+00 1.937371e+00 6.380842e-01 9
7.337461e-01 2.148725e+00 -7.502812e-01 5.565092e-01 19
1.051687e+00 6.950929e-01 1.888600e-01 3.396070e-01 61
1.582779e+00 3.717273e-01 2.629202e-02 8.971580e-02 220
2.381398e+00 1.656007e-01 -1.468445e-02 -2.766729e-02 742
3.623201e+00 6.498016e-02 1.506236e-03 -2.710084e-03 2697
5.488001e+00 2.398733e-02 1.455443e-03 1.277067e-03 9162
8.327347e+00 8.201312e-03 5.525046e-04 9.284403e-04 32433
1.262989e+01 2.559160e-03 1.095867e-04 8.132129e-04 112457
1.913771e+01 6.837126e-04 3.726712e-05 4.766556e-04 391155
