4.474464e-01 3.863404e+00 2.362018e+00 1.039802e+00 9
7.337461e-01 2.531730e+00 -5.396593e-02 -5.249210e-01 19
1.051687e+00 5.962762e-01 3.327755e-01 3.569692e-01 61
1.582779e+00 2.470013e-01 -7.129633e-02 7.598576e-02 220
2.381398e+00 9.891015e-02 -4.143834e-03 -1.641608e-02 742
3.623201e+00 4.091077e-02 3.289203e-03 2.202232e-04 2697
5.488001e+00 1.483342e-02 8.124956e-04 5.944616e-04 9162
8.327347e+00 5.016106e-03 2.769022e-04 8.356064e-04 32433
1.262989e+01 1.536539e-03 6.350146e-05 5.710225e-04 112457
1.913771e+01 3.807834e-04 1.687508e-05 2.902482e-04 391155
