4.474464e-01 9.856161e+01 -3.083268e+01 9.030424e+01 9
7.337461e-01 1.949959e+01 6.379707e+00 -2.105025e+01 19
1.051687e+00 5.555644e+00 5.489086e-01 -3.529616e+00 61
1.582779e+00 1.876868e+00 -4.427491e-01 3.251519e-02 220
2.381398e+00 6.011855e-01 -2.367560e-02 -6.396627e-02 742
3.623201e+00 2.150155e-01 3.353525e-03 -1.302398e-02 2697
5.488001e+00 7.344355e-02 -1.364167e-03 3.232586e-03 9162
8.327347e+00 2.455540e-02 1.959337e-04 2.966468e-03 32433
1.262989e+01 8.093448e-03 1.986731e-04 2.475471e-03 112457
1.913771e+01 2.520631e-03 1.445194e-04 1.951497e-03 391155
