4.474464e-01 1.301905e+01 -9.797521e+00 6.067548e+00 9
7.337461e-01 5.814086e+00 1.772727e+00 -2.468556e+00 19
1.051687e+00 2.705325e+00 9.567802e-01 3.118994e-01 61
1.582779e+00 7.041177e-01 -1.180700e-01 -8.520807e-02 220
2.381398e+00 2.965057e-01 -8.429791e-03 -2.991863e-02 742
3.623201e+00 1.076654e-01 -3.608001e-04 3.106158e-03 2697
5.488001e+00 3.971662e-02 -1.404683e-03 3.856683e-03 9162
8.327347e+00 1.342799e-02 8.595175e-05 2.051438e-03 32433
1.262989e+01 4.261117e-03 5.792261e-05 1.438569e-03 112457
1.913771e+01 1.245496e-03 3.157575e-05 9.238679e-04 391155
