4.474464e-01 4.268736e+00 -4.339996e+00 2.220810e+00 9
7.337461e-01 3.299438e+00 2.094960e-02 6.681537e-01 19
1.051687e+00 1.933216e+00 3.080256e-01 1.899964e-01 61
1.582779e+00 5.661278e-01 4.273459e-02 -8.241016e-02 220
2.381398e+00 2.416416e-01 -3.128418e-02 -1.520858e-02 742
3.623201e+00 8.736985e-02 -5.508309e-03 -6.509156e-04 2697
5.488001e+00 3.232792e-02 -2.059551e-04 1.807604e-03 9162
8.327347e+00 1.124782e-02 4.057810e-04 1.360856e-03 32433
1.262989e+01 3.533668e-03 1.106685e-04 1.210118e-03 112457
1.913771e+01 1.003276e-03 4.009301e-05 7.270365e-04 391155
