4.474464e-01 6.218901e+00 -5.671923e+00 2.739961e+00 9
7.337461e-01 3.981602e+00 3.781274e-01 -3.520028e-01 19
1.051687e+00 2.279975e+00 5.320035e-01 2.568314e-01 61
1.582779e+00 5.911773e-01 -2.978884e-02 -5.408403e-02 220
2.381398e+00 2.597711e-01 -2.247720e-02 -2.063625e-02 742
3.623201e+00 9.350079e-02 -5.859619e-03 1.413759e-04 2697
5.488001e+00 3.478476e-02 -2.367776e-03 1.921436e-03 9162
8.327347e+00 1.198013e-02 7.200661e-05 1.534626e-03 32433
1.262989e+01 3.764999e-03 6.259015e-05 1.330457e-03 112457
1.913771e+01 1.081225e-03 3.260314e-05 7.902089e-04 391155
