4.474464e-01 8.343416e+00 -7.260796e+00 3.797770e+00 9
7.337461e-01 4.623876e+00 6.316704e-01 -9.390742e-01 19
1.051687e+00 2.484451e+00 8.353069e-01 2.905737e-01 61
1.582779e+00 6.315372e-01 -5.197799e-02 -6.740070e-02 220
2.381398e+00 2.708462e-01 -1.816395e-02 -2.096704e-02 742
3.623201e+00 9.884376e-02 -5.609846e-03 1.788527e-03 2697
5.488001e+00 3.664829e-02 -2.253834e-03 2.187670e-03 9162
8.327347e+00 1.251768e-02 1.028856e-04 1.614846e-03 32433
1.262989e+01 3.955828e-03 7.107438e-05 1.362520e-03 112457
1.913771e+01 1.142485e-03 3.442595e-05 8.443360e-04 391155
