4.474464e-01 3.716277e+00 2.097307e+00 9.747478e-01 9
7.337461e-01 2.404209e+00 6.332729e-03 -5.714322e-01 19
1.051687e+00 5.786746e-01 2.840127e-01 3.670867e-01 61
1.582779e+00 2.299817e-01 -7.461443e-02 6.321242e-02 220
2.381398e+00 9.017586e-02 -3.013224e-03 -1.425521e-02 742
3.623201e+00 3.584468e-02 2.892244e-03 -2.504856e-04 2697
5.488001e+00 1.283807e-02 4.369412e-04 3.291390e-04 9162
8.327347e+00 4.380580e-03 1.413294e-04 6.590070e-04 32433
1.262989e+01 1.322592e-03 4.314859e-05 5.276982e-04 112457
1.913771e+01 3.242323e-04 8.764655e-06 2.560086e-04 391155
