4.474464e-01 1.890851e+00 -5.336792e-01 8.647970e-01 9
7.337461e-01 2.210954e+00 -6.194125e-01 9.241382e-01 19
1.051687e+00 1.158654e+00 8.207873e-02 1.808088e-01 61
1.582779e+00 4.723011e-01 7.379157e-02 -3.551198e-02 220
2.381398e+00 1.967061e-01 -3.118707e-02 -6.119758e-03 742
3.623201e+00 7.601381e-02 8.115787e-04 -2.829107e-03 2697
5.488001e+00 2.802900e-02 9.913101e-04 1.603724e-03 9162
8.327347e+00 9.551124e-03 5.372823e-04 1.190611e-03 32433
1.262989e+01 3.003440e-03 1.203123e-04 9.849071e-04 112457
1.913771e+01 8.248161e-04 4.145232e-05 5.891067e-04 391155
