4.474464e-01 5.306694e+01 -2.455918e+01 3.529790e+01 9
7.337461e-01 1.353842e+01 6.531353e+00 -1.783070e+01 19
1.051687e+00 3.357371e+00 9.161741e-01 -1.872607e+00 61
1.582779e+00 1.133882e+00 -1.706659e-01 -2.631444e-01 220
2.381398e+00 4.299824e-01 -2.491731e-02 -8.521193e-02 742
3.623201e+00 1.530377e-01 7.205093e-03 4.331221e-03 2697
5.488001e+00 5.530084e-02 -2.006026e-03 2.680206e-03 9162
8.327347e+00 1.851076e-02 6.039061e-05 2.417316e-03 32433
1.262989e+01 6.008065e-03 8.677473e-05 1.817472e-03 112457
1.913771e+01 1.835188e-03 5.910791e-05 1.382601e-03 391155
