4.474464e-01 3.602332e+00 2.449510e+00 9.900479e-01 9
7.337461e-01 2.588603e+00 -1.751167e-01 -4.047195e-01 19
1.051687e+00 5.892565e-01 3.262267e-01 2.980243e-01 61
1.582779e+00 2.708657e-01 -7.237537e-02 9.759419e-02 220
2.381398e+00 1.146600e-01 -7.852519e-03 -1.413926e-02 742
3.623201e+00 4.941514e-02 3.671213e-03 7.863566e-04 2697
5.488001e+00 1.768578e-02 1.088595e-03 6.347731e-04 9162
8.327347e+00 5.937570e-03 1.521469e-04 8.427870e-04 32433
1.262989e+01 1.835062e-03 5.840766e-05 6.322587e-04 112457
1.913771e+01 4.625939e-04 2.179591e-05 3.446092e-04 391155
