4.474464e-01 3.659681e+00 2.056673e+00 9.887122e-01 9
7.337461e-01 2.382125e+00 -2.652498e-03 -5.474548e-01 19
1.051687e+00 5.762120e-01 2.775270e-01 3.739393e-01 61
1.582779e+00 2.286350e-01 -7.593332e-02 6.297689e-02 220
2.381398e+00 8.935754e-02 -2.272318e-03 -1.319507e-02 742
3.623201e+00 3.528146e-02 2.862176e-03 -1.796868e-04 2697
5.488001e+00 1.264947e-02 3.440572e-04 2.369297e-04 9162
8.327347e+00 4.289873e-03 1.390035e-04 6.488775e-04 32433
1.262989e+01 1.295928e-03 4.261799e-05 5.126475e-04 112457
1.913771e+01 3.168775e-04 7.697597e-06 2.507964e-04 391155
