4.474464e-01 1.834788e+00 3.417404e-01 6.531910e-01 9
7.337461e-01 2.139149e+00 -6.355497e-01 9.131084e-01 19
1.051687e+00 1.018565e+00 1.197421e-01 2.245287e-01 61
1.582779e+00 4.494568e-01 7.098337e-02 9.040961e-03 220
2.381398e+00 1.883613e-01 -3.624224e-02 -1.161047e-02 742
3.623201e+00 7.360960e-02 2.066442e-03 -4.617381e-03 2697
5.488001e+00 2.726779e-02 1.313954e-03 1.285141e-03 9162
8.327347e+00 9.250757e-03 5.977393e-04 1.054351e-03 32433
1.262989e+01 2.899383e-03 1.265547e-04 9.420717e-04 112457
1.913771e+01 7.951014e-04 4.872346e-05 5.653848e-04 391155
