4.474464e-01 6.404134e+01 -2.235499e+01 4.442510e+01 9
7.337461e-01 1.534516e+01 6.920948e+00 -2.042898e+01 19
1.051687e+00 3.760476e+00 1.153515e+00 -2.389752e+00 61
1.582779e+00 1.285063e+00 -2.532871e-01 -2.770295e-01 220
2.381398e+00 4.629346e-01 -4.918913e-02 -9.921652e-02 742
3.623201e+00 1.645297e-01 7.186274e-03 8.419614e-03 2697
5.488001e+00 5.943219e-02 -6.564079e-04 3.039309e-03 9162
8.327347e+00 1.982447e-02 1.831634e-04 2.720710e-03 32433
1.262989e+01 6.460112e-03 1.451905e-04 1.886548e-03 112457
1.913771e+01 1.987699e-03 7.918847e-05 1.514244e-03 391155
