4.474464e-01 5.034573e+02 3.524391e+02 8.967020e+02 9
7.337461e-01 7.768525e+01 2.432773e+01 3.833779e+01 19
1.051687e+00 2.947858e+01 -3.390407e+00 -9.290634e-01 61
1.582779e+00 9.075982e+00 -6.988142e-02 3.693269e-01 220
2.381398e+00 2.392784e+00 1.200359e-01 2.441887e-01 742
3.623201e+00 8.196821e-01 -1.182268e-01 5.251211e-02 2697
5.488001e+00 2.677436e-01 -1.580505e-02 1.133085e-02 9162
8.327347e+00 8.691174e-02 -4.982542e-03 7.578777e-03 32433
1.262989e+01 2.870788e-02 -2.714239e-04 6.534931e-03 112457
1.913771e+01 9.253216e-03 3.334129e-04 6.343653e-03 391155
