4.474464e-01 2.207917e+01 -1.530410e+01 1.306482e+01 9
7.337461e-01 7.786999e+00 3.686101e+00 -6.353560e+00 19
1.051687e+00 2.884939e+00 1.011337e+00 -2.446512e-01 61
1.582779e+00 8.144346e-01 -1.198366e-01 -2.462132e-01 220
2.381398e+00 3.366029e-01 -7.221173e-03 -5.146552e-02 742
3.623201e+00 1.205262e-01 2.449336e-03 1.027017e-02 2697
5.488001e+00 4.424957e-02 -8.129536e-04 3.351042e-03 9162
8.327347e+00 1.481237e-02 -2.492899e-05 1.888032e-03 32433
1.262989e+01 4.750903e-03 6.606814e-05 1.503353e-03 112457
1.913771e+01 1.412127e-03 3.519117e-05 1.046663e-03 391155
