4.474464e-01 3.492523e+00 -3.356998e+00 1.744636e+00 9
7.337461e-01 2.955441e+00 -1.133732e-01 7.921578e-01 19
1.051687e+00 1.778875e+00 3.090041e-01 1.634303e-01 61
1.582779e+00 5.525429e-01 5.439768e-02 -1.047468e-01 220
2.381398e+00 2.276275e-01 -3.200837e-02 -8.444580e-03 742
3.623201e+00 8.441625e-02 -5.213100e-03 -7.796542e-04 2697
5.488001e+00 3.118801e-02 3.910656e-04 1.396621e-03 9162
8.327347e+00 1.078617e-02 4.903648e-04 1.305862e-03 32433
1.262989e+01 3.385280e-03 1.101310e-04 1.160078e-03 112457
1.913771e+01 9.542205e-04 3.968081e-05 6.958208e-04 391155
