4.474464e-01 3.779046e+00 2.172428e+00 1.008112e+00 9
7.337461e-01 2.458383e+00 -8.832797e-03 -5.798708e-01 19
1.051687e+00 5.898786e-01 2.885111e-01 3.847918e-01 61
1.582779e+00 2.338310e-01 -7.461783e-02 6.716536e-02 220
2.381398e+00 9.262167e-02 -3.740129e-03 -1.519046e-02 742
3.623201e+00 3.725175e-02 3.096185e-03 -1.064513e-04 2697
5.488001e+00 1.335693e-02 6.054980e-04 3.548543e-04 9162
8.327347e+00 4.555897e-03 1.879634e-04 6.762127e-04 32433
1.262989e+01 1.383739e-03 5.850124e-05 5.343842e-04 112457
1.913771e+01 3.391505e-04 1.186011e-05 2.656718e-04 391155
