4.474464e-01 2.249349e+00 -1.819526e+00 1.356804e+00 9
7.337461e-01 2.400486e+00 -4.429159e-01 9.180746e-01 19
1.051687e+00 1.388024e+00 1.402525e-01 1.370703e-01 61
1.582779e+00 5.137427e-01 6.166808e-02 -9.101509e-02 220
2.381398e+00 2.127108e-01 -3.059358e-02 -5.326625e-03 742
3.623201e+00 7.976116e-02 -2.275035e-03 -4.786572e-05 2697
5.488001e+00 2.940271e-02 7.387898e-04 1.242427e-03 9162
8.327347e+00 1.010583e-02 4.993363e-04 1.226563e-03 32433
1.262989e+01 3.186480e-03 9.916298e-05 1.040257e-03 112457
1.913771e+01 8.876418e-04 3.812261e-05 6.397679e-04 391155
