4.474464e-01 3.491617e+00 2.467925e+00 7.645834e-01 9
7.337461e-01 2.458774e+00 -2.855177e-01 -2.464620e-01 19
1.051687e+00 5.783657e-01 3.447188e-01 2.694084e-01 61
1.582779e+00 2.801962e-01 -4.719484e-02 1.118568e-01 220
2.381398e+00 1.285685e-01 -1.028968e-02 -1.407560e-02 742
3.623201e+00 5.363438e-02 3.806495e-03 9.272581e-04 2697
5.488001e+00 1.945200e-02 1.512253e-03 6.192724e-04 9162
8.327347e+00 6.549755e-03 2.338713e-04 9.814360e-04 32433
1.262989e+01 2.021892e-03 6.443252e-05 7.008418e-04 112457
1.913771e+01 5.178784e-04 2.422538e-05 3.799176e-04 391155
