4.474464e-01 2.048130e+00 1.402788e+00 6.186471e-01 9
7.337461e-01 2.116716e+00 -8.266530e-01 7.993835e-01 19
1.051687e+00 8.079699e-01 1.324619e-01 2.703130e-01 61
1.582779e+00 4.039879e-01 3.859461e-02 4.822302e-02 220
2.381398e+00 1.762192e-01 -2.503888e-02 -2.165305e-02 742
3.623201e+00 6.872434e-02 -1.107816e-04 -1.522733e-03 2697
5.488001e+00 2.539234e-02 1.244510e-03 9.079338e-04 9162
8.327347e+00 8.605339e-03 5.345185e-04 9.392653e-04 32433
1.262989e+01 2.703615e-03 9.967093e-05 8.684894e-04 112457
1.913771e+01 7.273630e-04 4.151913e-05 5.104619e-04 391155
