4.474464e-01 5.414669e+00 -5.059905e+00 2.510192e+00 9
7.337461e-01 3.774944e+00 2.720357e-01 3.057910e-01 19
1.051687e+00 2.156245e+00 3.753890e-01 1.475067e-01 61
1.582779e+00 5.763192e-01 -9.423687e-03 -7.352290e-02 220
2.381398e+00 2.521450e-01 -2.230671e-02 -1.195571e-02 742
3.623201e+00 9.172531e-02 -6.586001e-03 -1.101103e-03 2697
5.488001e+00 3.396419e-02 -1.971426e-03 1.595641e-03 9162
8.327347e+00 1.172703e-02 1.295909e-04 1.307318e-03 32433
1.262989e+01 3.685483e-03 6.773065e-05 1.273299e-03 112457
1.913771e+01 1.055027e-03 3.339005e-05 7.637092e-04 391155
