4.474464e-01 3.193305e+00 2.379574e+00 6.610036e-01 9
7.337461e-01 2.449056e+00 -3.723307e-01 -4.520011e-02 19
1.051687e+00 5.835681e-01 3.030426e-01 2.178913e-01 61
1.582779e+00 2.949412e-01 -5.054999e-02 1.121104e-01 220
2.381398e+00 1.361186e-01 -1.154455e-02 -1.449181e-02 742
3.623201e+00 5.616308e-02 2.914406e-03 3.770609e-04 2697
5.488001e+00 2.037616e-02 1.447961e-03 8.981285e-04 9162
8.327347e+00 6.914698e-03 1.993961e-04 1.025036e-03 32433
1.262989e+01 2.144177e-03 8.031788e-05 7.364243e-04 112457
1.913771e+01 5.543802e-04 2.380058e-05 4.023768e-04 391155
